北海道 1384 5224614 814
青森県 399 1237984 1093
岩手県 301 1210534 1030
宮城県 618 2301996 1390
秋田県 342 959502 1567
山形県 619 1068027 1262
福島県 580 1833152 1463
茨城県 726 2867009 1391
栃木県 718 1933146 1868
群馬県 556 1939110 1448
埼玉県 975 7344765 1461
千葉県 1081 6284480 1697
東京都 2437 14047594 1874
神奈川県 1178 9237337 1937
新潟県 831 2201272 1352
富山県 326 1034814 2098
石川県 343 1132526 2010
福井県 173 766863 1852
山梨県 228 809974 1168
長野県 620 2048011 1006
岐阜県 333 1978742 1798
静岡県 776 3633202 2391
愛知県 1070 7542415 1556
三重県 247 1770254 1630
滋賀県 165 1413610 1399
京都府 396 2578087 1408
大阪府 1016 8837685 1219
兵庫県 594 5465002 1178
奈良県 148 1324473 1483
和歌山県 125 922584 1626
鳥取県 124 553407 1537
島根県 156 671126 1491
岡山県 383 1888432 922
広島県 603 2799702 1382
山口県 239 1342059 1975
徳島県 195 719559 1543
香川県 158 950244 928
愛媛県 250 1334841 1145
高知県 138 691527 2539
福岡県 962 5135214 1609
佐賀県 178 811442 2079
長崎県 157 1312317 1788
熊本県 335 1738301 2027
大分県 219 1123852 1753
宮崎県 275 1069576 3046
鹿児島県 398 1588256 2470
沖縄県 182 1467480 2638
